508.941
524.023
525.376
523.271
522.084
519.11
516.524
515.29
512.338
515.887
521.304
525.355
527.554
527.584
530.094
529.775
526.556
522.491
521.143
507.595
490.293
482.028
483.269
486.837
490.42
490.124
485.121
480.294
477.924
475.129
468.714
461.538
460.645
461.766
455.869
451.991
453.065
455.573
454.951
451.581
448.382
448.441
447.386
444.434
439.272
439.37
441.841
443.783
438.491
429.455
418.491
416.784
422.347
428.421
431.417
436.895
441.068
448.32
453.215
454.218
455.488
455.142
458.002
458.958
463.013
462.174
464.283
466.917
472.013
474.14
474.758
471.263
465.457
467.085
466.462
462.179
462.986
462.655
458.438
458.623
452.593
455.039
466.935
475.026
479.429
481.477
481.608
484.232
481.968
476.805
468.859
465.718
461.458
451.085
438.534
432.783
423.952
423.096
420.513
415.307
420.087
434.24
444.881
449.689
453.51
455.2
452.442
448.903
446.643
446.105
451.103
454.516
452.981
457.674
466.711
475.683
483.997
487.386
482.037
474.98
475.227
479.32
472.961
464.159
457.229
452.617
454.595
455.091
454.053
450.245
452.453
449.456
448.716
454.567
462.976
469.575
469.248
471.876
472.5
470.289
474.203
480.43
487.725
489.248
489.276
495.294
499.27
498.699
491.569
483.124
472.749
471.97
477.668
481.254
481.372
481.089
470.237
468.735
475.784
503.708
525.266
525.894
527.9
522.831
520.637
522.746
533.509
545.359
547.883
549.777
547.949
553.165
563.021
571.772
552.193
540.391
536.457
539.817
543.52
540.789
545.711
551.746
551.59
541.493
537.752
544.96
559.411
564.786
556.53
563.541
560.962
573.13
589.492
603.618
607.493
609.766
605.893
608.072
604.985
598.67
593.501
593.895
581.456
565.353
561.262
565.372
566.29
571.299
569.201
575.079
585.686
598.972
604.029
610.05
615.066
616.601
622.188
630.171
635.756
641.563
638.142
642.139
648.405
655.405
654.912
653.715
651.794
655.643
656.672
656.536
659.065
666.236
673.264
675.865
676.763
679.772
683.798
682.445
682.82
687.706
691.101
696.41
699.371
701.367
702.67
703.386
701.834
698.158
692.978
688.94
689.476
689.571
688.167
687.92
685.227
683.734
683.564
684.629
685.335
687.081
682.73
681.86
677.895
679.42
674.748
668.702
661.692
656.997
653.874
649.085
644.356
641.057
639.818
640.31
638.845
636.388
631.001
632.147
629.447
622.378
611.731
607.536
603.825
612.468
616.199
622.84
627.055
627.427
628.73
627.858
626.304
624.295
625.26
630.314
629.383
628.416
625.615
621.943
615.679
609.326
603.145
600.809
598.51
599.201
600.688
604.007
607.251
607.127
601.376
597.88
596.404
597.192
597.773
602.945
600.349
599.897
596.262
591.311
588.311
590.018
596.26
595.87
594.848
591.9
594.625
589.629
590.373
575.837
566.423
566.144
572.395
579.517
583.481
586.055
591.357
590.562
591.401
589.006
593.383
602.377
604.341
605.544
611.368
618.664
626.176
630.984
607.268
602.003
605.18
613.697
623.125
613.073
618.863
629.346
637.261
644.065
649.661
648.257
647.542
646.036
645.989
636.305
633.09
632.801
635.231
632.052
627.178
624.56
622.573
623.058
622.449
621.386
615.348
616.95
610.86
597.549
586.313
578.079
569.55
565.005
557.133
561.03
566.018
569.651
567.989
559.708
551.388
546.494
542.697
539.658
535.076
530.353
522.22
527.487
530.461
527.306
519.802
510.352
500.266
492.494
485.843
482.057
480.215
480.868
480.402
474.368
468.897
468.709
473.513
461.827
449.144
445.9
449.474
451.748
450.045
445.36
443.569
444.234
446.933
448.572
445.704
440.18
434.393
431.486
428.363
426.51
427.865
427.79
425.004
421.24
419.093
414.275
408.058
403.693
404.024
407.793
413.754
416.322
416.198
414.472
412.443
412.87
414.734
414.19
408.975
404.201
399.815
396.225
392.923
394.477
395.626
395.05
398.201
403.965
410.054
408.164
405.219
405.667
412.779
418.971
423.409
423.554
423.113
421.585
421.131
420.214
422.127
424.632
428.134
427.126
426.38
421.961
419.452
420.351
422.846
434.423
443.879
443.552
433.341
427.186
419.107
407.606
399.402
396.012
393.645
395.801
401.52
408.538
419.164
424.445
428.384
425.411
421.732
420.79
430.855
438.423
429.672
419.178
412.664
409.427
406.725
400.789
401.978
405.199
408.436
399.924
394.849
400.164
409.764
413.918
412.691
401.198
389.236
388.397
386.949
387.177
386.902
390.587
399.761
405.669
404.996
401.242
394.896
391.601
386.841
384.082
393.04
407.282
415.738
419.512
419.724
413.433
410.455
415.557
421.334
418.515
412.542
408.526
412.363
408.422
395.836
385.044
381.316
381.525
380.472
380.247
378.898
378.112
375.032
369.335
362.083
357.634
357.771
358.701
355.851
354.333
348.194
346.01
343.183
341.465
346.983
352.1
354.55
354.242
351.105
350.56
353.334
355.416
358.917
365.075
367.711
368.514
369.573
366.44
359.909
356.496
357.344
359.12
357.167
359.091
363.453
363.287
358.3
357.792
363.444
369.058
372.324
372.483
370.722
370.295
370.393
370.632
370.717
371.609
370.942
369.519
371.717
375.282
375.51
376.218
371.14
360.757
350.686
350.27
355.906
360.814
359.367
357.199
359.218
361.344
363.481
362.249
363.735
369.498
371.607
372.487
371.141
372.432
372.03
367.679
362.802
362.416
361.334
360.667
360.465
363.076
365.593
371.844
372.407
371.349
373.456
376.281
380.965
383.293
381.549
375.414
373.908
373.822
371.159
368.015
363.949
363.384
373.006
381.589
385.293
383.694
379.692
376.297
376.748
377.84
377.621
373.887
368.505
365.698
366.175
366.23
362.852
363.813
366.445
367.528
363.552
354.536
351.993
355.854
366.263
363.853
364.03
366.067
366.704
367.001
364.066
358.813
356.088
353.837
354.339
352.525
348.819
347.618
348.835
350.164
348.905
347.983
347.593
346.93
345.715
344.917
344.549
344.001
344.466
346.514
345.714
344.925
343.58
344.776
344.124
341.779
340.318
339.164
337.864
338.157
338.239
337.063
335.059
331.914
330.614
329.751
327.383
327.683
330.717
336.93
340.495
340.931
341.931
341.031
340.081
338.687
335.919
331.938
327.367
326.186
329.408
332.744
333.235
332.855
332.37
333.775
333.747
329.938
333.915
334.861
329.804
324.075
319.383
317.647
316.98
316.266
315.324
310.813
306.52
307.203
311.634
314.202
315.919
317.337
316.794
312.555
307.133
305.124
302.577
301.646
298.559
294.666
291.65
290.584
289.748
290.048
288.056
283.954
280.276
277.148
274.125
269.985
266.833
266.492
269.554
268.839
267.798
271.789
275.328
277.507
277.386
274.939
271.577
271.903
272.141
276.08
282.342
286.757
286.29
284.387
283.869
283.875
283.961
281.924
282.236
285.53
287.135
286.01
282.652
280.463
284.056
278.061
272.617
273.167
274.586
275.561
278.93
282.832
283.541
284.546
279.506
274.062
271.96
275.038
280.512
287.366
292.135
294.13
293.995
294.85
295.007
297.523
297.622
295.332
288.654
280.93
277.628
275.282
272.711
274.45
278.55
283.434
285.384
287.553
288.488
285.658
282.331
276.822
273.086
267.695
267.976
264.83
264.883
270.797
280.053
283.936
281.824
281.935
282.01
278.274
273.897
269.042
271.649
277.236
285.383
290.468
292.969
289.574
285.17
285.428
290.903
294.268
288.986
282.37
274.613
270.006
270.816
272.886
273.559
270.921
267.819
265.957
265.323
265.151
264.48
262.151
261.238
260.881
261.343
260.169
256.474
254.38
253.103
251.843
248.665
248.043
249.175
250.714
250.944
250.593
251.065
250.095
248.592
245.119
243.245
241.269
237.417
234.362
234.126
233.647
231.155
226.237
222.955
223.484
226.976
229.609
229.463
228.719
227.102
223.99
220.253
218.886
220.19
221.892
221.025
220.727
220.415
220.413
218.893
221.248
226.867
231.865
232.693
228.734
226.572
229.935
236.39
237.523
235.532
233.03
230.962
231.157
234.537
236.746
237.236
237.747
238.262
237.931
237.168
234.681
234.428
235.616
232.9
227.927
223.925
221.389
219.71
219.796
221.16
222.515
222.478
222.47
223.306
220.179
215.178
214.088
219.355
224.449
226.34
226.571
225.331
223.106
224.675
228.109
229.358
226.47
225.477
227.715
230.432
231.31
229.224
226.778
226.531
226.285
224.031
219.683
216.587
215.455
214.687
215.171
218.975
222.025
223.472
224.888
226.536
228.363
228.844
225.78
222.993
216.474
211.974
211.963
215.952
219.052
219.263
216.35
213.981
213.13
212.719
211.949
209.066
208.234
209.799
212.032
211.712
208.798
208.466
209.457
210.322
210.047
209.888
208.193
204.5
199.902
196.006
195.765
197.637
199.667
200.315
196.72
191.883
188.446
189.432
192.814
197.241
197.813
195.191
192.529
191.941
191.985
191.014
188.841
186.666
186.671
190.122
193.104
191.581
188.375
187.213
188.166
189.861
190.982
190.605
189.586
187.829
186.022
184.014
182.993
183.837
183.861
182.834
182.217
180.174
178.121
175.415
172.167
170.028
168.458
166.757
164.245
163.024
162.463
163.44
164.808
166.449
168.183
168.408
167.741
165.317
161.299
158.509
158.777
162.836
165.809
164.836
161.965
159.744
159.057
161.001
163.94
166.853
168.669
168.649
168.155
165.511
162.915
161.725
161.132
160.696
159.698
158.041
153.67
149.47
148.405
151.096
154.163
153.761
150.284
145.717
144.605
149.387
154.424
156.736
157.248
156.91
155.607
152.92
149.894
148.77
149.15
149.543
149.352
149.578
150.842
150.208
146.687
144.549
144.637
145.175
144.58
144.484
145.08
144.97
142.931
141.178
140.096
139.667
138.069
133.738
130.534
129.731
132.451
135.744
136.954
135.26
130.952
127.128
125.88
126.278
125.359
124.357
123.888
122.487
119.68
115.33
112.04
113.16
117.663
121.511
121.707
118.794
115.508
115.727
117.528
118.084
119.127
119.201
120.098
121.948
124.123
126.14
125.519
123.588
124.261
126.081
126.145
123.002
119.753
118.039
117.16
118.693
121.334
122.58
121.089
117.982
114.804
113.955
111.638
110.31
111.698
112.61
114.686
117.414
119.821
121.7
120.942
119.311
120.058
121.081
118.347
114.509
113.101
113.959
115.78
116.872
117.02
117.789
118.601
118.579
118.69
120.214
122.793
123.179
123.604
124.371
125.001
124.845
121.267
