0.00975937
0.0177121
0.0121314
0.0164531
0.021521
0.014573
0.00986823
0.0145333
0.0114441
0.0103185
0.00995758
0.00938204
0.011648
0.00981179
0.00899389
0.00841281
0.00850287
0.00857586
0.00827679
0.0148551
0.0123875
0.011881
0.0207576
0.0171241
0.0210434
0.0138411
0.0152706
0.0125884
0.0108166
0.0100522
0.0129381
0.0120139
0.0104188
0.0104743
0.0107922
0.00991946
0.0129674
0.010363
0.00925353
0.00900933
0.0118709
0.0105808
0.0106157
0.0112529
0.00953123
0.00887397
0.0101466
0.00901529
0.00999728
0.00938809
0.00953105
0.0179559
0.014687
0.0113722
0.00857422
0.0128804
0.0150306
0.0118912
0.0172115
0.0154834
0.0112941
0.0122918
0.00987506
0.0300401
0.0201536
0.0122861
0.0138445
0.0108434
0.00990459
0.0155162
0.0123002
0.0103522
0.0164005
0.0118316
0.013538
0.0113824
0.00995332
0.00915602
0.00883609
0.0330488
0.0206307
0.0135545
0.0458533
0.0217411
0.0288163
0.0260181
0.0157927
0.0148145
0.013156
0.0248652
0.0165314
0.013685
0.0116404
0.0117922
0.0112003
0.0263891
0.0175079
0.0111208
0.0102202
0.0107604
0.011718
0.0102406
0.0202754
0.0153292
0.0146146
0.0501707
0.0315827
0.0208624
0.0117729
0.0103101
0.0125276
0.0235212
0.0161746
0.0134808
0.011727
0.0138383
0.0111124
0.0113022
0.0128162
0.010359
0.0153158
0.0202241
0.013247
0.00918528
0.0317204
0.0180061
0.0134502
0.0108678
0.0102738
0.0106533
0.0148981
0.0158055
0.0110369
0.00962538
0.00901753
0.0170668
0.0122768
0.015631
0.011022
0.00887427
0.00975847
0.009363
0.0103804
0.00949827
0.0487259
0.0284745
0.0133461
0.00878432
0.221835
0.0855723
0.0259545
0.0133601
0.0121988
0.0445229
0.0306977
0.0248003
0.0132482
0.0102283
0.00981569
0.0106232
0.0124805
0.011538
0.0119959
0.0139141
0.0111866
0.0120638
0.00999901
0.0320591
0.0173431
0.016073
0.0131687
0.0130274
0.0127661
0.0113183
0.0227649
0.0141173
0.0133903
0.00997758
0.0092603
0.0120234
0.0240521
0.0144373
0.00967127
0.00847894
0.0121536
0.0104504
0.0102897
0.0141979
0.012531
0.0191059
0.0377036
0.0180308
0.0176475
0.0113733
0.0105262
0.0114068
0.013471
0.0147674
0.0201379
0.012587
0.0119241
0.0102708
0.0100248
0.00952977
0.0137984
0.0144268
0.0156811
0.012142
0.00922313
0.0105721
0.0113394
0.0179288
0.0120335
0.00904083
0.0179078
0.0125506
0.0115865
0.0112939
0.0102126
0.012457
0.0105011
0.0126733
0.00987777
0.0104394
0.00903678
0.00990555
0.0245641
0.0160707
0.0103731
0.00942054
0.00882757
0.0176396
0.0148599
0.0146462
0.0106052
0.013104
0.0106865
0.0115336
0.029415
0.0174566
0.0109233
0.00946772
0.0121241
0.0144614
0.011613
0.00969425
0.0104451
0.0104312
0.0122983
0.0100812
0.0189292
0.0141167
0.0106505
0.0110863
0.0106054
0.00958562
0.00973135
0.00930193
0.0109425
0.0232957
0.0153402
0.00975534
0.0151964
0.0111309
0.0128891
0.0121331
0.0100844
0.0130153
0.0103448
0.0114766
0.0101993
0.014119
0.0120179
0.0104205
0.0151988
0.0248527
0.0147808
0.00994408
0.00907442
0.00933504
0.00964066
0.0148564
0.0330628
0.0172461
0.00969476
0.0103329
0.00995436
0.013682
0.0342876
0.0179724
0.0103715
0.0101069
0.0205249
0.0154616
0.0113773
0.00955281
0.26888
0.0895562
0.030618
0.0138104
0.0123657
0.0156228
0.0168425
0.0143107
0.0103739
0.009202
0.00929114
0.00858754
0.00909624
0.0180217
0.0124432
0.0100959
0.00996
0.015524
0.011292
0.0102392
0.0151189
0.0112249
0.0101506
0.0106334
0.0140822
0.0155794
0.0105984
0.00878739
0.00873432
0.0109204
0.00992543
0.00898132
0.00875086
0.0109113
0.0112292
0.00932178
0.0230213
0.016524
0.0118641
0.00904042
0.0478143
0.0275173
0.0128846
0.00883329
0.00922403
0.0121629
0.0124435
0.0119926
0.0104493
0.00952351
0.0172285
0.0128417
0.0137736
0.0147038
0.0103369
0.010107
0.0113807
0.0144969
0.0112237
0.0106398
0.0204248
0.0154989
0.0103125
0.00943765
0.00995052
0.0127766
0.0104397
0.00939018
0.01063
0.00920928
0.00859413
0.0110228
0.0119392
0.0103581
0.00851741
0.00823921
0.0146028
0.0116391
0.0101998
0.0104551
0.0098767
0.00866193
0.00948128
0.00872782
0.00866476
0.00883698
0.013758
0.013494
0.012482
0.0110661
0.0133558
0.0104572
0.0517451
0.0241107
0.0118425
0.0123813
0.0112506
0.0143268
0.0325645
0.0256393
0.0142462
0.00996602
0.00990269
0.0139412
0.0130615
0.0110301
0.0115376
0.0123653
0.0110787
0.0127934
0.0197525
0.0283341
0.0191218
0.0147863
0.0105042
0.00955263
0.00998068
0.0106157
0.010741
0.0104123
0.00929543
0.00934815
0.00942686
0.0099394
0.0107102
0.0100628
0.00948268
0.0178922
0.0120269
0.00992268
0.0081946
0.0132775
0.0126282
0.00968093
0.011539
0.012125
0.0231741
0.0168629
0.0104203
0.00945115
0.0545332
0.0272521
0.012469
0.00862446
0.00946897
0.0112046
0.0117279
0.0110782
0.010503
0.0130849
0.0115219
0.0152994
0.0170683
0.0109554
0.00857481
0.0145024
0.0116759
0.0100929
0.00880235
0.00847486
0.0142404
0.0113147
0.00919098
0.0131096
0.0139906
0.0103352
0.00869456
0.00857693
0.0105942
0.00974277
0.0155977
0.0238401
0.0261081
0.0137425
0.0110831
0.0101596
0.0110882
0.0198737
0.0418101
0.0272611
0.0128108
0.0107072
0.0101237
0.0152846
0.0130504
0.0128393
0.0174032
0.0121277
0.0122158
0.0112603
0.0257567
0.0154149
0.009938
0.00847453
0.00959659
0.010219
0.0139063
0.0106527
0.00904834
0.0124813
0.0179449
0.0135379
0.0100355
0.0086906
0.0111714
0.0114344
0.0118297
0.0096738
0.112306
0.0569411
0.0178396
0.0091545
0.0112356
0.0149656
0.0158548
0.0167269
0.0133356
0.0117545
0.0111178
0.0185947
0.0136054
0.0124029
0.0130225
0.0118099
0.0453345
0.0216586
0.0112113
0.00883853
0.00972331
0.0109912
0.0143815
0.0164734
0.0115867
0.0109956
0.0166369
0.0198896
0.015554
0.0143694
0.0108087
0.00969812
0.0102201
0.0141438
0.0176599
0.0116909
0.00991252
0.0103522
0.0107203
0.0122837
0.0114811
0.0125929
0.01888
0.012658
0.01439
0.011948
0.00971234
0.00892138
0.0106546
0.00988552
0.00904241
0.00900981
0.00887451
0.00846401
0.00985441
0.0205046
0.0183235
0.0187961
0.0126234
0.00894701
0.0113668
0.0177675
0.0197523
0.0144541
0.0114371
0.0145913
0.0119688
0.0109372
0.0107085
0.00971511
0.00941727
0.0125898
0.0105947
0.0117251
0.0137739
0.0120936
0.0122301
0.00942692
0.0106211
0.0144208
0.0120343
0.0100551
0.0086807
0.00964892
0.00894895
0.00900596
0.00919357
0.0101028
0.0090895
0.00835606
0.00869414
0.0125322
0.0139394
0.0116479
0.016597
0.0159958
0.0103288
0.00919333
0.0112695
0.0120599
0.0121532
0.0244804
0.0140462
0.0135839
0.0100552
0.00902918
0.00984988
0.0130531
0.0112084
0.0102275
0.00893784
0.00979465
0.0123069
0.0102281
0.00945187
0.00889486
0.0166939
0.0137273
0.0135954
0.0103842
0.00994495
0.0108471
0.0116281
0.0105276
0.00904605
0.00986087
0.00896862
0.00857744
0.00907293
0.00852516
0.00878075
0.00938454
0.00895545
0.0214899
0.0142974
0.0154379
0.017794
0.0135851
0.0118331
0.0136833
0.0107801
0.0125211
0.0103066
0.0102095
0.0151113
0.0145173
0.0131743
0.0122696
0.00986347
0.00970495
0.0091469
0.00948712
0.01222
0.0101146
0.00953993
0.0084224
0.00819221
0.0156464
0.011935
0.00908685
0.00947738
0.0104051
0.00930774
0.0103777
0.00985208
0.00901416
0.00877538
0.00941712
0.00852433
0.00834092
0.00821254
0.00815725
0.0228404
0.0137784
0.0154654
0.0107819
0.0108283
0.011457
0.0129774
0.0215378
0.0163379
0.024753
0.0137549
0.0110969
0.0100519
0.0106283
0.0117393
0.0111654
0.0173629
0.0195564
0.014888
0.00990084
0.00872585
0.0103934
0.0108229
0.0158601
0.0146242
0.0108097
0.00904858
0.0138373
0.0150683
0.0105609
0.00871772
0.0113027
0.011293
0.0107668
0.0102205
0.00989193
0.00904545
0.00883213
0.00985938
0.0166585
0.0117138
0.0129717
0.013865
0.0486094
0.0221124
0.0147887
0.0146635
0.0114286
0.0123581
0.0171193
0.0137122
0.0125233
0.0124991
0.0138619
0.0106784
0.011308
0.00977948
0.00986961
0.00936934
0.0108294
0.00923163
0.00837195
0.0224161
0.0194961
0.0170603
0.0219054
0.01654
0.0208157
0.0194571
0.0123131
0.0102764
0.0103655
0.0215605
0.0170348
0.0114101
0.0098744
0.0102125
0.010329
0.0101567
0.00957644
0.00995702
0.00894263
0.00865602
0.00894883
0.0103171
0.0125491
0.0261246
0.0167739
0.0134209
0.0119005
0.00966647
0.00919291
0.00931978
0.0093874
0.00948098
0.00953165
0.0088703
0.00870034
0.00906107
0.00856283
0.0097028
0.00915745
0.011138
0.00913757
0.00845444
0.00834307
0.0137666
0.0105273
0.00872001
0.0104805
0.0113931
0.00957248
0.0672315
0.0318851
0.013079
0.00914386
0.0102586
0.0148104
0.0160919
0.0129408
0.0107754
0.00983199
0.0255463
0.0165812
0.0196481
0.011937
0.00961447
0.00976032
0.0102893
0.0102161
0.0183567
0.0125404
0.00907546
0.0132515
0.0184257
0.0157008
0.0103592
0.00939927
0.012821
0.0110958
0.0134974
0.0103256
0.00986159
0.0139821
0.010964
0.00932971
0.0111554
0.00979391
0.0112499
0.0096077
0.0307933
0.0201261
0.0110435
0.00817606
0.00841567
0.0126297
0.019347
0.0129368
0.0140721
0.0152812
0.464496
0.0652699
0.0861314
0.0148729
-0.00384894
0.000797957
0.00886405
0.00826582
0.00374523
0.00162873
0.00385314
0.00608838
0.0121152
0.0153017
0.0132875
0.0153133
0.0131883
0.0119411
0.0111291
0.0107128
0.0104482
0.0106188
0.0106075
0.00973418
0.00986925
0.00872695
0.0155933
0.012554
0.00960377
0.00828698
0.014947
0.0366688
0.0196558
0.0113403
0.00975257
0.0446218
0.024165
0.013144
0.0110647
0.0136817
0.0131201
0.0121191
0.0111559
0.0103859
0.0101169
0.0100754
0.0307628
0.0794331
0.0345305
0.0134564
0.0190929
0.0144413
0.0141468
0.0158258
0.0136086
0.0118642
0.01048
0.0141893
0.0118324
0.0141104
0.0107028
0.0275486
0.0230066
0.012748
0.00878567
0.00864571
0.0104211
0.0104295
0.010512
0.010294
0.00981867
0.00873527
0.00828558
0.0107941
0.0100829
0.0161357
0.0107429
0.00955963
0.0108706
0.00906423
0.0117296
0.0175443
0.0204707
0.0439645
0.0221277
0.0110888
0.00846249
0.0102255
0.0128387
0.0134905
0.0116327
0.0100605
0.0106512
0.0100656
0.00978398
0.00900143
0.00860199
0.00943667
0.00890177
0.00871715
0.00839505
0.00804162
0.0091947
0.0100888
0.00976911
0.00851804
0.00834811
0.0086149
0.00924537
0.0257775
0.0151122
0.00912184
0.0075666
0.143396
0.0564163
0.0191274
0.0108161
0.010906
0.0164043
0.0165075
0.0142097
0.013638
0.0111624
0.00961331
0.00985676
0.0100705
0.00954437
0.00917271
0.01232
0.00986737
0.00852978
0.00951448
0.00846916
0.00812116
0.00812769
0.0289622
0.0158055
0.00908592
0.00843158
0.0130497
0.0120981
0.0134145
0.011506
0.0235063
0.0146045
0.00995156
0.00988474
0.0786963
0.035189
0.0172685
0.0110011
0.0136635
0.0193332
0.0222119
0.0348061
0.0182022
0.0115164
0.0106779
0.0109981
0.0117391
0.0115545
0.0116967
0.0142219
0.0119641
0.00976226
0.0194754
0.0125516
0.0103314
0.0215114
0.0131874
0.0182273
0.0136331
0.0222861
0.0150736
0.0123397
0.0136287
0.0124178
0.0120595
0.0151508
0.0135795
0.0112419
0.00935853
0.00898683
0.00962499
0.00989822
0.00906309
0.00849882
0.00829759
0.00919685
0.0090442
0.00931484
0.0116772
0.00929546
0.00817999
0.00829634
0.00996655
0.00935057
0.00857159
0.00893998
0.00821465
0.00827369
0.00852606
0.00812843
0.0112411
0.00986931
0.00863758
0.0101644
0.00880602
0.00860232
0.00813034
0.0206978
0.0199354
0.01309
0.00957695
0.00822914
0.00956464
0.012224
0.0110886
0.00932193
0.00904235
0.013613
0.010245
0.00855973
0.00859812
0.00887999
0.010523
0.00925645
0.00958022
0.014255
0.0119689
0.0119695
0.00983807
0.00840059
0.00824267
0.0134673
0.0187272
0.0115904
0.0148959
0.0164484
0.0190265
0.01632
0.0114203
0.0094808
0.00969851
0.0113833
0.0112009
0.00983286
0.00898504
0.00858212
0.0124722
0.0154937
0.0107054
0.0195271
0.0134223
0.0140682
0.0103149
0.0089547
0.014919
0.0152092
0.011389
0.0167263
0.0117231
0.0132205
0.0113477
0.00954321
0.0128377
0.0105889
0.012998
0.0100443
0.00960776
0.00875986
0.00896901
0.0095399
0.0118518
0.00978014
0.0105967
0.00937587
0.011753
0.00965378
0.00836736
0.00806123
0.0113319
0.00935709
0.00962248
0.00858968
0.0111285
0.0149157
0.0106203
0.0102184
0.0112368
0.0100304
0.0154516
0.0112872
0.00908881
0.0101517
0.00955144
0.00928429
0.00914413
0.00862595
0.0100239
0.00885582
0.00913808
0.0161709
0.0134074
0.00984097
0.00836745
0.0101835
0.0450861
0.0216362
0.0123415
0.0102597
0.00996292
0.0136199
0.0129356
0.0111885
0.0126372
0.0125169
0.0110888
0.00988802
0.0101405
0.0101377
0.0104992
0.0105062
0.00894585
0.00834215
0.00910109
0.00846532
0.0145131
0.0106069
0.0083282
0.0188375
0.0120382
0.00883132
0.0100589
0.0108262
0.0152794
0.0118816
0.013443
0.0250009
0.0158278
0.00986946
0.0112234
0.0155014
0.0122697
0.0108507
0.00987056
0.0118907
0.0125144
0.0128233
0.195543
0.0697471
0.0221851
0.0125213
0.0139686
0.0259539
0.0385141
0.0218312
0.0121872
0.00936672
0.00982422
0.0126497
0.0236268
