643.649
1168.03
800.054
1085.01
1419.17
961.044
650.827
958.428
754.736
680.517
656.719
618.769
768.179
647.106
593.176
554.862
560.8
565.612
545.893
979.645
816.938
783.544
1368.84
1129.25
1387.68
912.782
1007.04
830.185
713.36
662.958
853.245
792.306
687.128
690.791
711.748
654.205
855.174
683.449
610.296
594.194
782.878
697.812
700.113
742.124
628.606
585.269
669.181
594.587
659.336
619.168
628.595
1184.1
968.56
749.992
565.504
849.438
991.217
784.212
1135.01
1021.07
744.844
810.632
651.277
1980.89
1329.01
810.255
913.01
715.128
653.225
1023.23
811.184
682.74
1081.54
780.288
892.801
750.664
656.438
603.866
582.771
2179.28
1360.47
893.89
3023.56
1433.68
1900.19
1715.7
1041.46
976.965
867.613
1639.68
1090.17
902.491
767.676
777.69
738.66
1740.16
1154.56
733.415
674.037
709.655
772.793
675.381
1337.04
1010.91
963.789
3308.23
2082.6
1375.74
776.416
679.965
826.18
1551.06
1066.64
889.03
773.386
912.597
732.863
745.378
845.205
683.19
1010.02
1333.66
873.608
605.796
2091.68
1187.41
887.012
716.737
677.568
702.589
982.477
1042.31
727.885
634.814
594.735
1125.48
809.64
1030.8
726.901
585.289
643.59
617.514
684.599
626.433
3212.97
1877.66
880.146
579.358
14627.2
5642.49
1711.5
881.068
804.495
2935.83
2024.25
1635.4
873.693
674.569
647.363
700.608
823.071
760.926
791.117
917.596
737.758
795.597
659.45
2114.02
1143.69
1059.95
868.448
859.134
841.902
746.441
1501.19
930.998
883.06
658.037
610.742
792.931
1586.07
952.093
637.84
559.222
801.516
689.211
678.619
936.312
826.404
1259.93
2486.2
1189.04
1163.77
750.065
694.212
752.278
888.382
973.862
1327.97
830.09
786.387
677.371
661.15
628.51
909.972
951.403
1034.11
800.754
608.292
697.238
747.829
1182.32
793.597
596.271
1180.93
827.691
764.123
744.834
673.532
821.521
692.557
835.783
651.456
688.49
596.004
653.288
1619.82
1059.8
684.114
621.308
582.209
1163.24
979.962
965.87
699.417
864.184
704.778
760.637
1939.68
1151.18
720.393
624.419
799.573
953.683
765.868
639.355
688.867
687.947
811.059
664.87
1248.28
930.955
702.404
731.141
699.431
632.193
641.802
613.487
721.662
1536.19
1011.63
643.384
1002.15
734.081
850.012
800.164
665.082
858.334
682.253
756.878
672.655
931.108
792.567
687.242
1002.31
1638.85
974.742
655.828
598.486
615.67
635.822
979.73
2180.2
1137.3
639.389
681.469
656.506
902.296
2260.95
1185.19
684.013
666.566
1353.49
1019.63
750.332
630.029
17729.2
5905.18
2019
910.758
815.5
1030.26
1110.69
943.745
684.167
606.898
612.776
566.383
599.924
1188.44
820.609
665.836
656.878
1023.75
744.706
675.285
997.038
740.279
669.446
701.282
928.679
1027.4
698.971
579.56
576.061
720.206
654.598
592.347
577.151
719.605
740.568
614.796
1518.09
1089.68
782.428
596.244
3152.86
1814.55
849.713
582.587
608.351
802.127
820.63
790.901
689.144
628.097
1136.14
846.886
908.331
969.667
681.732
666.571
750.556
956.027
740.202
701.705
1346.89
1022.1
680.119
622.436
656.253
842.594
688.509
619.306
701.054
607.378
566.817
726.956
787.378
683.125
561.759
543.415
963.005
767.591
672.687
689.525
651.385
571.288
625.313
575.632
571.474
582.83
907.303
889.901
823.173
729.809
880.783
689.659
3412.05
1589.93
781.001
816.533
741.975
944.812
2147.34
1690.71
939.495
657.275
653.099
919.387
861.382
727.437
760.898
815.478
730.644
843.704
1302.56
1868.41
1260.98
975.11
692.76
630.017
658.242
700.113
708.376
686.702
613.059
616.535
621.725
655.52
706.344
663.655
625.405
1179.9
793.163
654.418
540.473
875.621
832.812
638.477
760.993
799.628
1528.17
1112.03
687.228
623.326
3595.88
1797.06
822.312
568.817
624.501
738.945
773.447
730.607
692.683
862.924
759.867
1008.94
1125.57
722.509
565.544
956.389
770.02
665.638
580.547
558.953
939.116
746.2
606.171
864.549
922.645
681.62
573.439
565.683
698.698
642.554
1028.61
1572.08
1721.63
906.284
730.929
670.038
731.269
1310.55
2756.97
1797.66
844.852
706.144
667.67
1007.96
860.649
846.732
1147.66
799.807
805.615
742.617
1698.46
1016.55
655.428
558.931
632.916
673.956
917.083
702.55
596.767
823.126
1183.37
892.791
661.859
573.178
736.752
754.093
780.16
638.007
7405.23
3754.65
1176.43
603.766
740.986
986.932
1045.56
1103.06
879.454
775.198
733.216
1226.22
897.244
817.954
858.808
778.857
2989.35
1428.24
739.387
582.932
641.271
724.873
948.416
1086.35
764.139
725.16
1097.13
1311.6
1025.72
947.619
712.841
639.611
674.027
932.745
1164.58
771.007
653.747
682.736
707.012
810.096
757.173
830.483
1245.03
834.775
948.978
787.957
640.548
588.395
702.677
651.967
596.375
594.226
585.304
558.238
649.916
1352.15
1208.34
1239.5
832.491
590.085
749.641
1171.68
1302.55
953.201
754.27
962.25
789.333
721.312
706.228
640.731
621.092
830.275
698.726
773.263
908.351
797.559
806.56
621.729
700.467
951.006
793.652
663.15
572.526
636.366
590.213
593.972
606.342
666.294
599.48
551.12
573.412
826.48
919.267
768.171
1094.5
1054.86
681.195
606.327
743.221
795.338
801.493
1614.31
926.309
895.823
663.158
595.503
649.617
860.83
739.192
674.518
589.48
645.976
811.622
674.555
623.373
586.646
1100.89
905.283
896.584
684.85
655.885
715.372
766.868
694.304
596.615
650.342
591.51
565.717
598.388
562.27
579.122
618.934
590.641
1417.12
942.871
1018.07
1173.42
895.904
780.386
902.377
710.952
825.751
679.731
673.327
996.535
957.369
868.816
809.162
650.513
640.061
603.265
625.698
805.896
667.074
629.18
555.494
540.316
1031.82
787.102
599.305
625.056
686.224
613.87
684.418
649.762
594.513
578.768
621.082
562.215
550.122
541.656
538.011
1506.16
908.651
1019.89
711.072
714.13
755.583
855.834
1420.28
1077.42
1632.28
907.103
731.839
662.94
700.942
774.198
736.355
1145
1289.63
981.813
652.977
575.503
685.458
713.772
1045.91
964.418
712.902
596.782
912.532
993.701
696.501
574.966
745.412
744.769
710.074
674.054
652.39
596.576
582.51
650.244
1098.55
772.52
855.457
914.36
3205.29
1458.17
975.267
967.014
753.714
815.002
1128.93
904.287
825.891
824.295
914.154
704.25
745.761
644.975
650.918
617.932
714.201
608.852
552.167
1478.19
1285.65
1125.05
1444.52
1090.74
1372.66
1283.08
812.035
677.743
683.612
1421.78
1123.36
752.492
651.234
673.524
681.209
669.847
631.587
656.681
589.796
570.898
590.205
680.421
827.596
1722.72
1106.17
885.077
784.825
637.524
606.299
614.664
619.123
625.293
628.634
585.027
573.82
597.606
564.754
639.919
603.961
734.553
602.65
557.607
550.263
907.873
694.287
575.117
691.2
751.37
631.326
4433.17
2102.54
862.533
603.065
676.566
976.698
1061.2
853.419
710.64
648.438
1684.58
1093.46
1295.68
787.232
634.095
643.712
678.592
673.762
1210.53
827.023
598.555
873.905
1215.08
1035.41
683.2
619.905
845.522
731.768
890.123
680.981
650.389
922.085
723.077
615.319
735.698
645.927
741.928
633.649
2030.55
1327.19
728.322
539.251
555.05
832.91
1275.82
853.16
928.019
1007.74
30627.4
4303.82
5679.36
980.82
-253.636
52.7645
584.615
545.17
247.097
107.543
254.213
401.596
798.981
1009.09
876.279
1009.86
869.739
787.505
733.963
706.515
689.067
700.319
699.573
641.989
650.894
575.575
1028.32
827.915
633.389
546.565
985.703
2417.96
1296.19
747.888
643.201
2942.36
1593.51
866.821
729.717
902.277
865.243
799.241
735.73
684.962
667.222
664.485
2028.54
5237.7
2276.97
887.417
1259.07
952.36
932.942
1043.65
897.453
782.435
691.166
935.742
780.341
930.538
705.857
1816.61
1517.12
840.711
579.446
570.219
687.281
687.833
693.273
678.9
647.559
576.124
546.473
711.874
664.98
1064.08
708.502
630.479
716.918
597.814
773.559
1156.96
1349.92
2899.02
1459.18
731.308
558.137
674.386
846.687
889.665
767.173
663.508
702.455
663.842
645.272
593.674
567.336
622.371
587.102
574.929
553.69
530.387
606.417
665.373
644.292
561.8
550.595
568.187
609.758
1699.83
996.598
601.612
499.066
9455.16
3720.04
1261.34
713.326
719.253
1081.79
1088.6
937.088
899.396
736.162
634.018
650.071
664.164
629.473
604.967
812.489
650.77
562.574
627.502
558.578
535.631
536.062
1909.82
1042.31
599.244
556.1
860.604
797.857
884.658
758.817
1550.08
963.119
656.322
651.916
5189.11
2320.39
1138.78
725.525
901.072
1274.91
1464.73
2295.14
1200.34
759.503
704.214
725.325
774.188
762.013
771.392
937.892
789.018
643.84
1284.29
827.762
681.366
1418.54
869.684
1201.99
899.068
1469.62
994.053
813.788
898.781
818.938
795.314
999.139
895.533
741.403
617.219
592.711
634.789
652.804
597.739
560.533
547.265
606.558
596.493
614.338
770.103
613.061
539.51
547.182
657.31
616.694
565.331
589.622
541.796
545.689
562.329
536.111
741.352
650.898
569.682
670.356
580.789
567.357
536.237
1364.89
1314.62
863.26
631.621
542.751
630.809
806.16
731.297
614.806
596.372
897.743
675.672
564.549
567.08
585.666
693.998
610.489
631.837
940.079
789.339
789.38
648.839
554.056
543.643
888.136
1234.96
764.38
982.335
1084.7
1254.69
1076.24
753.168
625.282
639.636
750.727
738.701
648.495
592.593
566.025
822.523
1021.75
706.03
1287.7
885.173
927.76
680.282
590.592
983.854
1002.99
751.103
1103.03
773.133
871.863
748.381
629.396
846.626
698.343
857.19
662.437
633.653
577.745
591.536
629.178
781.62
645.019
698.857
618.363
775.1
636.687
551.865
531.68
747.333
617.125
634.623
566.524
733.922
983.642
700.416
673.917
741.063
661.519
1018.97
744.388
599.435
669.515
629.939
612.324
603.082
568.916
661.093
584.072
602.683
1066.4
884.186
649.029
551.871
671.614
2972.97
1426.76
813.904
676.642
657.07
898.201
853.079
737.88
833.405
825.468
731.31
652.132
668.778
668.597
692.43
692.895
590.009
550.202
600.245
558.324
957.096
699.535
549.283
1242.23
793.906
582.457
663.396
713.992
1007.62
783.583
886.537
1648.62
1043.78
650.908
740.183
1022.26
809.17
715.606
650.981
784.18
825.309
845.677
12893.6
4599.03
1462.96
825.759
921.192
1711.46
2539.64
1439.62
803.731
617.759
647.925
834.225
1558.02
